% Generated FlatZinc statistics:
%%%mzn-stat: paths=0
%%%mzn-stat: flatIntVars=160
%%%mzn-stat: flatIntConstraints=1192
%%%mzn-stat: method="minimize"
%%%mzn-stat: flatTime=0.0580145
%%%mzn-stat-end

% solving(/tmp/mznfileSmc9xu.fzn)
% loading /tmp/mznfileSmc9xu.fzn
% obj = 7070
yCoor = [253, 192, 254, 252, 254, 251, 123, 190, 388, 252, 124, 247, 63, 158, 388, 380, 59, 381, 319, 252, 332, 350, 382, 380, 317, 317, 342, 252, 348, 381, 315, 317, 396, 384, 317, 383, 316, 350, 269, 348, 286, 318, 317, 302, 316, 381, 285, 284, 251, 254, 394, 124, 189, 95, 124, 126, 189, 189, 240, 222, 29, 124, 189, 73, 188, 189, 84, 188, 246, 221, 30, 62, 61, 121, 62, 220, 124, 188, 112, 120, 112, 187, 28, 78, 76, 75, 61, 125, 94, 77, 75, 112, 120, 380, 222, 380, 382, 188, 352, 187, 32, 153, 196, 253, 126, 77, 62, 324, 374, 317, 16, 126, 116, 52, 188, 255, 324, 59, 12, 379, 195, 254, 4, 380, 326, 360, 283, 63, 60, 8, 235, 254, 270, 254, 57, 380, 248, 194, 125, 118];
S = [385, 371, 390, 398, 323, 367, 317, 397, 399, 399, 355, 304, 403, 377, 393, 401, 345, 347];
D = 399;
objective = 7070;
----------
% obj = 7006
yCoor = [253, 192, 254, 252, 254, 251, 123, 190, 388, 252, 124, 247, 63, 158, 388, 380, 59, 381, 319, 252, 332, 350, 382, 380, 317, 317, 342, 252, 348, 381, 315, 317, 396, 384, 317, 383, 316, 350, 269, 348, 286, 318, 317, 302, 316, 381, 285, 284, 251, 254, 394, 124, 189, 95, 124, 126, 189, 189, 240, 222, 29, 124, 189, 73, 188, 189, 84, 188, 246, 221, 30, 62, 61, 121, 62, 220, 124, 188, 112, 120, 112, 187, 28, 78, 76, 75, 61, 125, 94, 77, 75, 112, 120, 380, 222, 380, 382, 188, 352, 187, 32, 153, 196, 253, 126, 77, 62, 324, 374, 317, 16, 126, 116, 52, 188, 255, 324, 59, 12, 379, 195, 254, 4, 380, 326, 360, 283, 63, 60, 8, 235, 254, 270, 254, 57, 380, 248, 194, 125, 118];
S = [385, 371, 390, 398, 323, 303, 317, 397, 399, 399, 355, 304, 403, 377, 393, 401, 345, 347];
D = 399;
objective = 7006;
----------
% obj = 1983
yCoor = [253, 224, 375, 244, 351, 77, 345, 94, 268, 9, 2, 223, 122, 350, 252, 127, 187, 61, 80, 44, 120, 92, 362, 368, 246, 69, 84, 255, 241, 264, 50, 286, 254, 246, 317, 383, 263, 84, 113, 351, 262, 46, 365, 84, 4, 81, 125, 285, 250, 346, 163, 104, 350, 154, 7, 159, 286, 240, 12, 4, 164, 125, 92, 252, 115, 258, 399, 124, 263, 358, 87, 158, 80, 65, 361, 266, 268, 80, 60, 371, 2, 92, 162, 159, 61, 59, 198, 43, 199, 189, 244, 248, 110, 92, 221, 253, 79, 9, 255, 80, 166, 56, 250, 294, 113, 241, 378, 201, 164, 77, 244, 383, 273, 255, 60, 123, 3, 236, 42, 252, 131, 1, 4, 258, 126, 372, 179, 3, 156, 260, 242, 101, 192, 350, 188, 269, 159, 247, 79, 126];
S = [7, 51, 335, 113, 54, 46, 128, 9, 12, 12, 221, 118, 256, 29, 35, 11, 131, 15];
D = 400;
objective = 1983;
----------
% obj = 664
yCoor = [95, 98, 83, 28, 79, 122, 81, 121, 11, 10, 125, 5, 31, 81, 1, 109, 64, 255, 136, 28, 111, 87, 128, 130, 87, 111, 136, 13, 98, 156, 103, 33, 31, 83, 117, 115, 159, 138, 112, 113, 109, 103, 93, 132, 6, 132, 100, 103, 4, 75, 239, 125, 78, 234, 15, 34, 11, 100, 118, 8, 245, 120, 256, 3, 121, 156, 122, 98, 161, 123, 120, 32, 136, 125, 116, 11, 5, 132, 129, 129, 20, 256, 243, 236, 35, 128, 126, 104, 74, 109, 27, 27, 260, 123, 100, 118, 132, 144, 159, 135, 241, 120, 3, 95, 127, 47, 135, 122, 242, 126, 98, 92, 15, 160, 256, 98, 8, 111, 127, 29, 111, 147, 9, 40, 112, 77, 92, 144, 234, 66, 11, 113, 109, 81, 122, 12, 241, 79, 131, 119];
S = [8, 5, 39, 7, 12, 16, 6, 17, 13, 4, 8, 64, 32, 25, 10, 6, 4, 128];
D = 260;
objective = 664;
----------
% obj = 224
yCoor = [27, 52, 22, 22, 11, 2, 16, 14, 35, 38, 14, 36, 21, 16, 34, 7, 44, 53, 56, 25, 3, 12, 36, 35, 27, 14, 55, 32, 16, 32, 46, 21, 28, 28, 7, 8, 29, 53, 4, 31, 49, 29, 13, 57, 37, 56, 18, 49, 36, 11, 39, 17, 12, 44, 36, 21, 22, 18, 7, 40, 40, 7, 52, 38, 4, 33, 7, 18, 32, 33, 5, 21, 56, 14, 35, 40, 36, 55, 16, 35, 36, 51, 40, 47, 23, 14, 45, 57, 49, 1, 30, 34, 51, 3, 18, 28, 57, 45, 30, 53, 41, 5, 32, 49, 14, 32, 39, 7, 39, 18, 21, 10, 41, 35, 52, 16, 39, 52, 14, 27, 11, 44, 38, 23, 6, 20, 49, 44, 45, 51, 27, 1, 12, 19, 7, 31, 40, 33, 55, 7];
S = [5, 4, 8, 6, 11, 4, 16, 6, 9, 34, 8, 9, 5, 9, 12, 6, 5, 7];
D = 60;
objective = 224;
----------
% obj = 159
yCoor = [32, 36, 3, 25, 3, 39, 3, 8, 22, 37, 5, 16, 25, 7, 39, 3, 35, 27, 10, 25, 3, 12, 26, 19, 34, 1, 13, 18, 14, 21, 9, 24, 35, 40, 4, 7, 22, 13, 1, 25, 30, 11, 4, 11, 40, 11, 15, 36, 13, 3, 36, 6, 8, 30, 37, 24, 24, 14, 35, 41, 27, 5, 28, 19, 40, 19, 10, 13, 24, 19, 35, 28, 11, 5, 23, 19, 14, 9, 6, 20, 40, 27, 31, 26, 24, 5, 37, 9, 34, 4, 35, 40, 27, 40, 15, 36, 10, 27, 23, 9, 33, 40, 22, 37, 6, 37, 23, 12, 28, 5, 13, 7, 14, 21, 27, 13, 41, 32, 9, 32, 2, 29, 41, 26, 2, 4, 30, 26, 31, 31, 34, 1, 1, 8, 37, 18, 26, 32, 9, 10];
S = [5, 4, 9, 4, 9, 4, 5, 6, 10, 4, 8, 9, 5, 9, 7, 6, 4, 8];
D = 43;
objective = 159;
----------
% obj = 154
yCoor = [14, 40, 23, 2, 19, 15, 19, 12, 36, 6, 27, 32, 1, 23, 20, 17, 32, 39, 8, 2, 20, 8, 32, 36, 15, 20, 8, 28, 23, 4, 4, 1, 15, 16, 13, 8, 1, 10, 20, 32, 37, 7, 14, 9, 1, 7, 25, 38, 31, 21, 38, 28, 24, 29, 4, 5, 1, 24, 11, 1, 34, 10, 38, 36, 11, 5, 14, 23, 1, 39, 11, 5, 8, 27, 33, 27, 28, 6, 27, 37, 1, 37, 32, 35, 1, 27, 39, 5, 38, 17, 17, 14, 37, 16, 25, 16, 10, 23, 7, 6, 34, 11, 30, 34, 29, 14, 40, 13, 31, 27, 26, 11, 31, 3, 37, 23, 7, 37, 28, 17, 18, 23, 1, 1, 17, 20, 37, 23, 30, 41, 15, 21, 20, 24, 15, 27, 34, 15, 6, 10];
S = [5, 4, 8, 4, 9, 4, 5, 6, 9, 4, 8, 9, 5, 9, 7, 6, 4, 7];
D = 41;
objective = 154;
----------
% obj = 153
yCoor = [1, 5, 25, 37, 24, 23, 24, 29, 9, 21, 26, 10, 36, 28, 1, 24, 2, 15, 32, 37, 25, 33, 2, 3, 1, 23, 35, 15, 16, 34, 31, 38, 1, 1, 28, 29, 37, 35, 25, 7, 4, 32, 26, 31, 20, 33, 16, 2, 14, 24, 15, 26, 29, 10, 22, 39, 35, 17, 19, 19, 6, 26, 17, 18, 20, 34, 29, 17, 39, 3, 20, 35, 31, 27, 2, 9, 11, 31, 27, 1, 21, 15, 7, 12, 37, 26, 6, 32, 10, 22, 4, 1, 15, 20, 18, 4, 31, 13, 34, 31, 14, 19, 16, 6, 28, 1, 1, 34, 8, 27, 20, 26, 15, 35, 16, 16, 19, 9, 28, 4, 23, 13, 22, 35, 22, 25, 7, 12, 10, 9, 4, 22, 24, 29, 23, 10, 6, 2, 31, 31];
S = [5, 4, 8, 4, 9, 4, 5, 6, 9, 4, 8, 9, 5, 9, 7, 6, 4, 7];
D = 40;
objective = 153;
----------
% obj = 153
==========
%%%mzn-stat: nSolutions=8
%%%mzn-stat-end
