% Generated FlatZinc statistics:
%%%mzn-stat: paths=0
%%%mzn-stat: flatBoolVars=43
%%%mzn-stat: flatIntVars=164
%%%mzn-stat: flatIntConstraints=125
%%%mzn-stat: evaluatedReifiedConstraints=43
%%%mzn-stat: method="maximize"
%%%mzn-stat: flatTime=0.0869373
%%%mzn-stat-end

% solving(/tmp/mznfileROGDyv.fzn)
% loading /tmp/mznfileROGDyv.fzn
% obj = 2735
Team = [1, 2, 3, 4, 5, 6, 7, 8, 9, 10, 11, 12, 13, 14, 15, 15, 5, 11, 10, 7, 9, 8, 3, 2, 1, 4, 6, 14, 13, 12, 13, 10, 8, 14, 15, 4, 2, 3, 1, 9, 5, 12, 11, 7, 6, 10, 9, 1, 14, 12, 11, 2, 8, 6, 13, 3, 5, 4, 7, 15, 2, 3, 1, 11, 14, 13, 12, 15, 9, 5, 6, 10, 4, 7, 8, 3, 15, 5, 6, 2, 4, 7, 13, 14, 10, 9, 1, 12, 8, 11];
objective = 2735;
----------
% obj = 5700
Team = [1, 2, 3, 4, 5, 6, 7, 8, 9, 10, 11, 12, 13, 14, 15, 11, 4, 13, 2, 1, 12, 15, 7, 9, 6, 3, 14, 10, 8, 5, 2, 7, 3, 11, 15, 14, 9, 1, 8, 12, 4, 10, 6, 5, 13, 6, 3, 13, 4, 2, 14, 1, 5, 9, 12, 8, 15, 11, 10, 7, 9, 1, 14, 2, 3, 13, 11, 12, 15, 10, 4, 5, 8, 6, 7, 4, 6, 11, 9, 1, 2, 3, 15, 5, 7, 10, 13, 8, 12, 14];
objective = 5700;
----------
% obj = 20760
Team = [1, 2, 3, 4, 5, 6, 7, 8, 9, 10, 11, 12, 13, 14, 15, 4, 15, 9, 13, 10, 1, 8, 14, 6, 2, 11, 7, 3, 5, 12, 11, 10, 15, 9, 8, 4, 2, 3, 1, 12, 5, 13, 14, 7, 6, 9, 10, 6, 11, 1, 13, 15, 2, 3, 5, 8, 7, 4, 12, 14, 7, 3, 4, 1, 12, 11, 10, 15, 2, 5, 6, 9, 13, 14, 8, 14, 15, 12, 11, 2, 4, 9, 3, 1, 5, 6, 10, 8, 13, 7];
objective = 20760;
----------
% obj = 25726
Team = [1, 2, 3, 4, 5, 6, 7, 8, 9, 10, 11, 12, 13, 14, 15, 7, 10, 13, 6, 12, 14, 8, 5, 11, 15, 9, 3, 4, 2, 1, 12, 2, 15, 11, 10, 1, 13, 4, 9, 7, 6, 14, 5, 3, 8, 12, 11, 10, 8, 2, 9, 15, 1, 5, 6, 7, 3, 4, 13, 14, 3, 6, 1, 2, 14, 9, 12, 15, 10, 4, 5, 11, 13, 8, 7, 3, 2, 13, 1, 10, 15, 9, 5, 14, 4, 11, 12, 7, 6, 8];
objective = 25726;
----------
% obj = 26702
Team = [1, 2, 3, 4, 5, 6, 7, 8, 9, 10, 11, 12, 13, 14, 15, 8, 6, 5, 12, 4, 2, 15, 11, 3, 7, 10, 1, 14, 9, 13, 9, 3, 15, 12, 6, 13, 5, 14, 2, 8, 4, 10, 11, 1, 7, 13, 9, 4, 6, 2, 5, 15, 12, 11, 7, 8, 1, 14, 3, 10, 3, 11, 13, 2, 14, 10, 4, 15, 9, 1, 6, 12, 5, 7, 8, 7, 2, 5, 13, 9, 1, 3, 6, 11, 10, 14, 4, 8, 12, 15];
objective = 26702;
----------
% obj = 26766
Team = [1, 2, 3, 4, 5, 6, 7, 8, 9, 10, 11, 12, 13, 14, 15, 8, 6, 5, 7, 3, 12, 15, 10, 14, 13, 11, 9, 4, 2, 1, 13, 7, 15, 9, 3, 6, 14, 4, 8, 5, 11, 2, 10, 12, 1, 7, 12, 13, 11, 2, 14, 15, 5, 4, 3, 8, 9, 6, 1, 10, 1, 4, 6, 2, 10, 11, 3, 15, 14, 13, 7, 9, 12, 5, 8, 11, 12, 14, 6, 2, 4, 1, 5, 10, 13, 3, 9, 8, 7, 15];
objective = 26766;
----------
% obj = 26773
Team = [1, 2, 3, 4, 5, 6, 7, 8, 9, 10, 11, 12, 13, 14, 15, 8, 10, 6, 11, 4, 7, 15, 14, 5, 12, 9, 13, 1, 2, 3, 12, 8, 15, 3, 7, 13, 4, 1, 10, 6, 5, 11, 14, 9, 2, 14, 3, 11, 7, 2, 9, 15, 10, 1, 5, 8, 13, 12, 4, 6, 5, 14, 13, 2, 12, 9, 4, 15, 11, 10, 6, 3, 7, 1, 8, 7, 5, 4, 13, 2, 14, 6, 10, 9, 3, 1, 12, 8, 11, 15];
objective = 26773;
----------
% obj = 26773
==========
%%%mzn-stat: nSolutions=7
%%%mzn-stat-end
