% Generated FlatZinc statistics:
%%%mzn-stat: paths=0
%%%mzn-stat: flatIntVars=172
%%%mzn-stat: flatIntConstraints=4846
%%%mzn-stat: method="maximize"
%%%mzn-stat: flatTime=0.16991
%%%mzn-stat-end

% solving(/tmp/mznfilem4nEBj.fzn)
% loading /tmp/mznfilem4nEBj.fzn
% obj = 28
objective = 28;
heart = array2d(1..18, 1..18, [
0, 0, 0, 0, 0, 0, 0, 0, 0, 0, 0, 0, 0, 0, 0, 0, 0, 0, 
0, 1, 0, 0, 0, 0, 0, 0, 0, 0, 0, 0, 0, 0, 0, 0, 0, 0, 
0, 0, 1, 0, 0, 0, 0, 0, 0, 0, 0, 0, 0, 0, 0, 0, 0, 0, 
1, 0, 0, 1, 0, 0, 0, 0, 0, 0, 0, 0, 0, 0, 0, 0, 0, 0, 
0, 0, 0, 0, 0, 0, 0, 0, 0, 0, 0, 0, 0, 0, 0, 0, 0, 0, 
0, 0, 0, 0, 0, 0, 0, 0, 0, 0, 0, 0, 0, 0, 0, 0, 0, 0, 
1, 0, 0, 0, 1, 0, 1, 0, 0, 0, 0, 0, 0, 0, 0, 0, 0, 0, 
0, 0, 1, 0, 0, 1, 0, 0, 0, 0, 0, 0, 0, 0, 0, 0, 0, 0, 
1, 0, 0, 0, 1, 0, 0, 0, 0, 0, 0, 0, 0, 0, 0, 0, 0, 0, 
1, 0, 0, 0, 0, 0, 0, 1, 0, 0, 0, 0, 0, 0, 0, 0, 0, 0, 
1, 0, 0, 0, 0, 0, 0, 0, 0, 0, 0, 0, 0, 0, 0, 0, 0, 0, 
0, 0, 0, 0, 0, 1, 0, 0, 0, 0, 0, 1, 0, 0, 0, 0, 0, 0, 
0, 1, 0, 1, 0, 0, 0, 1, 1, 0, 0, 0, 0, 0, 0, 0, 0, 0, 
0, 0, 0, 0, 0, 0, 0, 0, 0, 0, 0, 0, 0, 1, 0, 0, 0, 0, 
0, 0, 0, 0, 1, 0, 0, 0, 0, 0, 0, 0, 0, 0, 0, 0, 0, 0, 
0, 1, 0, 0, 0, 0, 0, 0, 0, 0, 0, 0, 0, 1, 0, 0, 0, 0, 
0, 0, 0, 0, 0, 1, 0, 0, 1, 0, 0, 0, 0, 0, 0, 0, 0, 0, 
0, 0, 0, 0, 0, 0, 0, 1, 0, 0, 0, 0, 0, 1, 0, 0, 0, 0
]);
%%   0 
%%   0 1 
%%   0 0 1 
%%   1 0 0 1 
%%   0 0 0 0 0 
%%   0 0 0 0 0 0 
%%   1 0 0 0 1 0 1 
%%   0 0 1 0 0 1 0 0 
%%   1 0 0 0 1 0 0 0 0 
%%   1 0 0 0 0 0 0 1 0 0 
%%   1 0 0 0 0 0 0 0 0 0 0 
%%   0 0 0 0 0 1 0 0 0 0 0 1 
%%   0 1 0 1 0 0 0 1 1 0 0 0 0 
%%   0 0 0 0 0 0 0 0 0 0 0 0 0 1 
%%   0 0 0 0 1 0 0 0 0 0 0 0 0 0 0 
%%   0 1 0 0 0 0 0 0 0 0 0 0 0 1 0 0 
%%   0 0 0 0 0 1 0 0 1 0 0 0 0 0 0 0 0 
%%   0 0 0 0 0 0 0 1 0 0 0 0 0 1 0 0 0 0 
----------
% obj = 30
objective = 30;
heart = array2d(1..18, 1..18, [
0, 0, 0, 0, 0, 0, 0, 0, 0, 0, 0, 0, 0, 0, 0, 0, 0, 0, 
0, 1, 0, 0, 0, 0, 0, 0, 0, 0, 0, 0, 0, 0, 0, 0, 0, 0, 
0, 0, 1, 0, 0, 0, 0, 0, 0, 0, 0, 0, 0, 0, 0, 0, 0, 0, 
1, 0, 0, 1, 0, 0, 0, 0, 0, 0, 0, 0, 0, 0, 0, 0, 0, 0, 
0, 0, 0, 0, 0, 0, 0, 0, 0, 0, 0, 0, 0, 0, 0, 0, 0, 0, 
0, 0, 0, 0, 0, 0, 0, 0, 0, 0, 0, 0, 0, 0, 0, 0, 0, 0, 
1, 0, 0, 0, 1, 0, 1, 0, 0, 0, 0, 0, 0, 0, 0, 0, 0, 0, 
0, 0, 1, 0, 0, 1, 0, 0, 0, 0, 0, 0, 0, 0, 0, 0, 0, 0, 
1, 0, 0, 0, 1, 0, 0, 0, 0, 0, 0, 0, 0, 0, 0, 0, 0, 0, 
1, 0, 0, 0, 0, 0, 0, 1, 0, 0, 0, 0, 0, 0, 0, 0, 0, 0, 
1, 0, 0, 0, 0, 0, 0, 0, 0, 0, 0, 0, 0, 0, 0, 0, 0, 0, 
0, 0, 0, 0, 0, 1, 0, 0, 0, 0, 0, 1, 0, 0, 0, 0, 0, 0, 
0, 1, 0, 1, 0, 0, 0, 1, 1, 0, 0, 0, 0, 0, 0, 0, 0, 0, 
0, 0, 0, 0, 0, 0, 0, 0, 0, 0, 0, 0, 0, 1, 0, 0, 0, 0, 
0, 0, 0, 0, 1, 0, 0, 0, 0, 0, 0, 0, 0, 0, 0, 0, 0, 0, 
0, 1, 0, 0, 0, 0, 0, 0, 0, 0, 0, 0, 0, 1, 0, 0, 0, 0, 
0, 0, 0, 0, 0, 1, 0, 0, 1, 0, 0, 0, 0, 0, 0, 0, 0, 0, 
0, 0, 1, 1, 0, 0, 0, 1, 0, 0, 0, 0, 0, 1, 0, 0, 0, 0
]);
%%   0 
%%   0 1 
%%   0 0 1 
%%   1 0 0 1 
%%   0 0 0 0 0 
%%   0 0 0 0 0 0 
%%   1 0 0 0 1 0 1 
%%   0 0 1 0 0 1 0 0 
%%   1 0 0 0 1 0 0 0 0 
%%   1 0 0 0 0 0 0 1 0 0 
%%   1 0 0 0 0 0 0 0 0 0 0 
%%   0 0 0 0 0 1 0 0 0 0 0 1 
%%   0 1 0 1 0 0 0 1 1 0 0 0 0 
%%   0 0 0 0 0 0 0 0 0 0 0 0 0 1 
%%   0 0 0 0 1 0 0 0 0 0 0 0 0 0 0 
%%   0 1 0 0 0 0 0 0 0 0 0 0 0 1 0 0 
%%   0 0 0 0 0 1 0 0 1 0 0 0 0 0 0 0 0 
%%   0 0 1 1 0 0 0 1 0 0 0 0 0 1 0 0 0 0 
----------
%%%mzn-stat: nSolutions=2
%%%mzn-stat-end
