% Generated FlatZinc statistics:
%%%mzn-stat: paths=0
%%%mzn-stat: flatBoolVars=316800
%%%mzn-stat: flatIntVars=112221
%%%mzn-stat: flatBoolConstraints=113060
%%%mzn-stat: flatIntConstraints=433769
%%%mzn-stat: evaluatedReifiedConstraints=315520
%%%mzn-stat: evaluatedHalfReifiedConstraints=213340
%%%mzn-stat: method="minimize"
%%%mzn-stat: flatTime=13.256
%%%mzn-stat-end

agentAtTimeT = array2d(1..24, 1..20, [197, 104, 77, 17, 68, 230, 149, 98, 82, 16, 114, 71, 60, 172, 44, 181, 29, 116, 22, 201, 182, 105, 61, 18, 67, 215, 135, 97, 96, 30, 99, 70, 59, 159, 43, 196, 28, 115, 37, 186, 168, 119, 62, 19, 66, 200, 121, 96, 95, 31, 85, 69, 58, 146, 42, 197, 27, 130, 53, 185, 155, 120, 63, 20, 80, 185, 107, 95, 94, 32, 72, 82, 57, 133, 41, 198, 26, 129, 69, 170, 142, 121, 64, 5, 93, 170, 108, 94, 110, 33, 56, 96, 73, 118, 40, 199, 41, 128, 82, 158, 128, 122, 65, 6, 109, 158, 92, 93, 124, 48, 40, 111, 72, 104, 39, 200, 57, 127, 82, 145, 114, 136, 66, 6, 108, 145, 93, 109, 123, 49, 25, 111, 71, 89, 38, 201, 73, 127, 82, 131, 99, 150, 67, 6, 107, 131, 80, 109, 122, 50, 11, 111, 70, 90, 54, 216, 86, 127, 82, 116, 85, 162, 68, 6, 106, 130, 80, 109, 122, 66, 10, 111, 83, 91, 70, 231, 100, 127, 82, 102, 84, 176, 69, 6, 105, 115, 80, 109, 122, 67, 9, 111, 97, 78, 83, 231, 100, 127, 82, 103, 83, 191, 70, 6, 105, 101, 80, 109, 122, 68, 8, 111, 96, 79, 97, 231, 100, 127, 82, 88, 70, 192, 71, 6, 105, 87, 80, 109, 122, 69, 8, 111, 95, 64, 96, 231, 100, 127, 82, 88, 69, 193, 72, 6, 105, 74, 80, 109, 122, 70, 8, 111, 94, 65, 95, 231, 100, 127, 82, 88, 68, 194, 73, 6, 105, 58, 80, 109, 122, 71, 8, 111, 110, 66, 94, 231, 100, 127, 82, 88, 67, 208, 74, 6, 105, 42, 80, 109, 122, 72, 8, 111, 124, 50, 93, 231, 100, 127, 82, 88, 67, 208, 74, 6, 105, 41, 80, 109, 122, 73, 8, 111, 123, 51, 93, 231, 100, 127, 82, 88, 67, 208, 74, 6, 105, 26, 80, 109, 122, 86, 8, 111, 137, 52, 93, 231, 100, 127, 82, 88, 67, 208, 74, 6, 105, 26, 80, 109, 122, 87, 8, 111, 136, 53, 93, 231, 100, 127, 82, 88, 67, 208, 74, 6, 105, 26, 80, 109, 122, 101, 8, 111, 135, 54, 93, 231, 100, 127, 82, 88, 67, 208, 74, 6, 105, 26, 80, 109, 122, 115, 8, 111, 149, 54, 93, 231, 100, 127, 82, 88, 67, 208, 74, 6, 105, 26, 80, 109, 122, 130, 8, 111, 161, 54, 93, 231, 100, 127, 82, 88, 67, 208, 74, 6, 105, 26, 80, 109, 122, 144, 8, 111, 175, 54, 93, 231, 100, 127, 82, 88, 67, 208, 74, 6, 105, 26, 80, 109, 122, 145, 8, 111, 190, 54, 93, 231, 100, 127, 82, 88, 67, 208, 74, 6, 105, 26, 80, 109, 122, 158, 8, 111, 205, 54, 93, 231, 100, 127, 82, 88]);
ET = [15, 15, 15, 6, 10, 17, 8, 7, 8, 24, 11, 6, 24, 19, 15, 9, 9, 6, 5, 11];
objective = 240;
----------
==========
%%%mzn-stat: objective=240
%%%mzn-stat: objectiveBound=240
%%%mzn-stat: boolVariables=27111
%%%mzn-stat: failures=4426
%%%mzn-stat: propagations=10451784
%%%mzn-stat: solveTime=24.5213
%%%mzn-stat: nSolutions=1
%%%mzn-stat-end
