% Generated FlatZinc statistics:
%%%mzn-stat: paths=0
%%%mzn-stat: flatBoolVars=76
%%%mzn-stat: flatIntVars=294
%%%mzn-stat: flatIntConstraints=222
%%%mzn-stat: evaluatedReifiedConstraints=76
%%%mzn-stat: method="maximize"
%%%mzn-stat: flatTime=0.0884922
%%%mzn-stat-end

% solving(/tmp/mznfileqQG5Ia.fzn)
% loading /tmp/mznfileqQG5Ia.fzn
% obj = 5382
Team = [1, 2, 3, 4, 5, 6, 7, 8, 9, 10, 11, 12, 13, 14, 15, 16, 17, 18, 19, 20, 21, 22, 23, 24, 25, 26, 27, 28, 29, 30, 31, 6, 12, 18, 24, 30, 7, 31, 25, 19, 13, 1, 26, 20, 14, 8, 2, 27, 21, 15, 9, 3, 28, 22, 10, 16, 4, 29, 23, 17, 11, 5, 6, 12, 18, 24, 30, 31, 25, 19, 13, 7, 1, 26, 20, 2, 14, 8, 27, 21, 15, 9, 3, 28, 22, 16, 10, 4, 29, 23, 17, 11, 5, 6, 12, 18, 24, 30, 31, 25, 19, 13, 7, 1, 26, 20, 14, 8, 2, 27, 21, 15, 9, 3, 28, 16, 22, 10, 4, 29, 23, 17, 11, 5, 6, 12, 18, 24, 30, 31, 25, 19, 13, 7, 1, 26, 20, 14, 8, 2, 27, 21, 15, 9, 3, 28, 22, 16, 10, 4, 29, 23, 17, 11, 5];
objective = 5382;
----------
% obj = 5391
Team = [1, 2, 3, 4, 5, 6, 7, 8, 9, 10, 11, 12, 13, 14, 15, 16, 17, 18, 19, 20, 21, 22, 23, 24, 25, 26, 27, 28, 29, 30, 31, 12, 21, 6, 24, 30, 7, 31, 25, 2, 14, 1, 26, 13, 4, 8, 16, 27, 19, 15, 9, 3, 28, 18, 10, 20, 22, 29, 23, 17, 11, 5, 20, 6, 18, 24, 30, 12, 25, 11, 31, 7, 3, 26, 22, 2, 14, 8, 27, 21, 15, 9, 13, 28, 19, 16, 10, 4, 29, 23, 17, 5, 1, 6, 13, 12, 24, 30, 31, 25, 19, 16, 7, 1, 26, 18, 14, 8, 2, 27, 21, 15, 9, 3, 28, 20, 22, 10, 4, 29, 23, 17, 11, 5, 6, 12, 18, 24, 30, 31, 25, 19, 13, 7, 1, 26, 20, 14, 8, 2, 27, 21, 15, 9, 3, 28, 22, 16, 10, 4, 29, 23, 17, 11, 5];
objective = 5391;
----------
% obj = 64486
Team = [1, 2, 3, 4, 5, 6, 7, 8, 9, 10, 11, 12, 13, 14, 15, 16, 17, 18, 19, 20, 21, 22, 23, 24, 25, 26, 27, 28, 29, 30, 31, 5, 22, 9, 28, 23, 2, 11, 29, 7, 3, 16, 24, 14, 13, 19, 8, 18, 30, 26, 6, 21, 15, 1, 10, 4, 31, 12, 17, 20, 25, 27, 17, 27, 1, 9, 11, 5, 7, 12, 28, 24, 25, 15, 30, 2, 31, 19, 23, 13, 14, 20, 21, 8, 16, 26, 18, 10, 6, 29, 3, 22, 4, 10, 5, 22, 29, 2, 30, 31, 25, 12, 20, 7, 21, 3, 19, 27, 6, 15, 13, 23, 1, 26, 8, 16, 11, 24, 9, 28, 4, 14, 18, 17, 13, 21, 2, 20, 8, 1, 14, 26, 5, 10, 3, 12, 28, 27, 29, 9, 6, 11, 30, 16, 31, 25, 17, 4, 7, 22, 23, 18, 24, 19, 15];
objective = 64486;
----------
% obj = 66525
Team = [1, 2, 3, 4, 5, 6, 7, 8, 9, 10, 11, 12, 13, 14, 15, 16, 17, 18, 19, 20, 21, 22, 23, 24, 25, 26, 27, 28, 29, 30, 31, 30, 22, 18, 6, 20, 7, 28, 19, 31, 21, 16, 24, 14, 12, 3, 27, 8, 5, 26, 9, 2, 15, 1, 10, 13, 4, 29, 11, 17, 23, 25, 31, 17, 29, 3, 16, 30, 9, 12, 5, 24, 1, 27, 21, 2, 22, 19, 18, 26, 6, 20, 28, 13, 4, 11, 14, 10, 8, 7, 15, 23, 25, 8, 30, 15, 29, 2, 31, 1, 23, 21, 17, 7, 3, 10, 25, 9, 4, 27, 5, 19, 6, 26, 18, 16, 22, 24, 20, 28, 13, 12, 14, 11, 6, 14, 2, 1, 17, 5, 7, 31, 13, 8, 18, 20, 25, 15, 23, 26, 22, 28, 21, 16, 3, 12, 9, 29, 4, 30, 11, 10, 24, 19, 27];
objective = 66525;
----------
% obj = 66635
Team = [1, 2, 3, 4, 5, 6, 7, 8, 9, 10, 11, 12, 13, 14, 15, 16, 17, 18, 19, 20, 21, 22, 23, 24, 25, 26, 27, 28, 29, 30, 31, 23, 22, 24, 12, 28, 7, 27, 19, 29, 15, 16, 6, 20, 31, 21, 9, 25, 13, 26, 4, 2, 18, 1, 10, 17, 14, 3, 30, 5, 8, 11, 11, 3, 31, 26, 9, 23, 30, 12, 1, 24, 17, 29, 7, 2, 22, 19, 8, 4, 25, 20, 16, 28, 21, 18, 15, 10, 27, 14, 5, 6, 13, 4, 23, 1, 14, 2, 30, 11, 27, 29, 5, 7, 31, 18, 3, 8, 21, 9, 25, 19, 22, 26, 6, 16, 20, 24, 12, 28, 17, 10, 15, 13, 26, 25, 2, 17, 13, 1, 22, 10, 31, 4, 30, 28, 11, 8, 20, 18, 23, 27, 21, 16, 3, 12, 6, 15, 9, 7, 14, 5, 24, 19, 29];
objective = 66635;
----------
% obj = 66658
Team = [1, 2, 3, 4, 5, 6, 7, 8, 9, 10, 11, 12, 13, 14, 15, 16, 17, 18, 19, 20, 21, 22, 23, 24, 25, 26, 27, 28, 29, 30, 31, 31, 22, 20, 25, 24, 7, 5, 21, 15, 27, 16, 11, 28, 19, 23, 30, 12, 29, 26, 3, 2, 8, 1, 10, 17, 18, 9, 14, 13, 6, 4, 26, 21, 28, 25, 17, 31, 30, 12, 29, 24, 5, 23, 16, 2, 11, 19, 4, 14, 27, 20, 7, 9, 13, 8, 1, 10, 18, 15, 6, 22, 3, 3, 31, 18, 23, 2, 19, 14, 27, 29, 13, 7, 30, 20, 4, 22, 8, 25, 10, 5, 6, 26, 21, 16, 11, 24, 9, 28, 17, 15, 1, 12, 9, 26, 2, 28, 11, 25, 17, 10, 29, 3, 1, 30, 20, 13, 18, 8, 22, 5, 21, 16, 4, 15, 6, 27, 7, 14, 12, 31, 24, 19, 23];
objective = 66658;
----------
%%%mzn-stat: nSolutions=6
%%%mzn-stat-end
