% Generated FlatZinc statistics:
%%%mzn-stat: paths=0
%%%mzn-stat: flatIntVars=301
%%%mzn-stat: flatIntConstraints=14951
%%%mzn-stat: method="maximize"
%%%mzn-stat: flatTime=0.484375
%%%mzn-stat-end

objective = 52;
heart = array2d(1..24, 1..24, [
1, 0, 0, 0, 0, 0, 0, 0, 0, 0, 0, 0, 0, 0, 0, 0, 0, 0, 0, 0, 0, 0, 0, 0, 
1, 0, 0, 0, 0, 0, 0, 0, 0, 0, 0, 0, 0, 0, 0, 0, 0, 0, 0, 0, 0, 0, 0, 0, 
1, 0, 0, 0, 0, 0, 0, 0, 0, 0, 0, 0, 0, 0, 0, 0, 0, 0, 0, 0, 0, 0, 0, 0, 
1, 0, 0, 0, 0, 0, 0, 0, 0, 0, 0, 0, 0, 0, 0, 0, 0, 0, 0, 0, 0, 0, 0, 0, 
1, 0, 0, 0, 0, 0, 0, 0, 0, 0, 0, 0, 0, 0, 0, 0, 0, 0, 0, 0, 0, 0, 0, 0, 
1, 0, 0, 0, 0, 0, 0, 0, 0, 0, 0, 0, 0, 0, 0, 0, 0, 0, 0, 0, 0, 0, 0, 0, 
1, 0, 0, 0, 0, 0, 0, 0, 0, 0, 0, 0, 0, 0, 0, 0, 0, 0, 0, 0, 0, 0, 0, 0, 
1, 0, 0, 0, 0, 0, 0, 0, 0, 0, 0, 0, 0, 0, 0, 0, 0, 0, 0, 0, 0, 0, 0, 0, 
1, 0, 0, 0, 0, 0, 0, 0, 0, 0, 0, 0, 0, 0, 0, 0, 0, 0, 0, 0, 0, 0, 0, 0, 
1, 0, 0, 0, 0, 0, 0, 0, 0, 0, 0, 0, 0, 0, 0, 0, 0, 0, 0, 0, 0, 0, 0, 0, 
1, 0, 0, 0, 0, 0, 0, 0, 0, 0, 0, 0, 0, 0, 0, 0, 0, 0, 0, 0, 0, 0, 0, 0, 
1, 0, 0, 0, 0, 0, 0, 0, 0, 0, 0, 0, 0, 0, 0, 0, 0, 0, 0, 0, 0, 0, 0, 0, 
1, 0, 0, 0, 0, 0, 0, 0, 0, 0, 0, 0, 0, 0, 0, 0, 0, 0, 0, 0, 0, 0, 0, 0, 
1, 0, 0, 0, 0, 0, 0, 0, 0, 0, 0, 0, 0, 0, 0, 0, 0, 0, 0, 0, 0, 0, 0, 0, 
1, 0, 0, 0, 0, 0, 0, 0, 0, 0, 0, 0, 0, 0, 0, 0, 0, 0, 0, 0, 0, 0, 0, 0, 
1, 0, 0, 0, 0, 0, 0, 0, 0, 0, 0, 0, 0, 0, 0, 0, 0, 0, 0, 0, 0, 0, 0, 0, 
1, 0, 0, 0, 0, 0, 0, 0, 0, 0, 0, 0, 0, 0, 0, 0, 0, 0, 0, 0, 0, 0, 0, 0, 
1, 0, 0, 0, 0, 0, 0, 0, 0, 0, 0, 0, 0, 0, 0, 0, 0, 0, 0, 0, 0, 0, 0, 0, 
1, 0, 0, 0, 0, 0, 0, 0, 0, 0, 0, 0, 0, 0, 0, 0, 0, 0, 0, 0, 0, 0, 0, 0, 
1, 0, 0, 0, 0, 0, 0, 0, 0, 0, 0, 0, 0, 0, 0, 0, 0, 0, 0, 0, 0, 0, 0, 0, 
1, 0, 0, 0, 0, 0, 0, 0, 0, 0, 0, 0, 0, 0, 0, 0, 0, 0, 0, 0, 0, 0, 0, 0, 
1, 0, 0, 0, 0, 0, 0, 0, 0, 0, 0, 0, 0, 0, 0, 0, 0, 0, 0, 0, 0, 0, 0, 0, 
0, 1, 0, 1, 1, 0, 1, 1, 0, 1, 1, 0, 1, 1, 0, 1, 1, 0, 1, 1, 0, 1, 1, 0, 
0, 0, 1, 1, 0, 1, 1, 0, 1, 1, 0, 1, 1, 0, 1, 1, 0, 1, 1, 0, 1, 1, 0, 1
]);
%%   1 
%%   1 0 
%%   1 0 0 
%%   1 0 0 0 
%%   1 0 0 0 0 
%%   1 0 0 0 0 0 
%%   1 0 0 0 0 0 0 
%%   1 0 0 0 0 0 0 0 
%%   1 0 0 0 0 0 0 0 0 
%%   1 0 0 0 0 0 0 0 0 0 
%%   1 0 0 0 0 0 0 0 0 0 0 
%%   1 0 0 0 0 0 0 0 0 0 0 0 
%%   1 0 0 0 0 0 0 0 0 0 0 0 0 
%%   1 0 0 0 0 0 0 0 0 0 0 0 0 0 
%%   1 0 0 0 0 0 0 0 0 0 0 0 0 0 0 
%%   1 0 0 0 0 0 0 0 0 0 0 0 0 0 0 0 
%%   1 0 0 0 0 0 0 0 0 0 0 0 0 0 0 0 0 
%%   1 0 0 0 0 0 0 0 0 0 0 0 0 0 0 0 0 0 
%%   1 0 0 0 0 0 0 0 0 0 0 0 0 0 0 0 0 0 0 
%%   1 0 0 0 0 0 0 0 0 0 0 0 0 0 0 0 0 0 0 0 
%%   1 0 0 0 0 0 0 0 0 0 0 0 0 0 0 0 0 0 0 0 0 
%%   1 0 0 0 0 0 0 0 0 0 0 0 0 0 0 0 0 0 0 0 0 0 
%%   0 1 0 1 1 0 1 1 0 1 1 0 1 1 0 1 1 0 1 1 0 1 1 
%%   0 0 1 1 0 1 1 0 1 1 0 1 1 0 1 1 0 1 1 0 1 1 0 1 
----------
%%%mzn-stat: initTime=0.052446
%%%mzn-stat: solveTime=1199.51
%%%mzn-stat: solutions=8
%%%mzn-stat: variables=577
%%%mzn-stat: propagators=14951
%%%mzn-stat: propagations=6048355616
%%%mzn-stat: nodes=131351392
%%%mzn-stat: failures=65675660
%%%mzn-stat: restarts=0
%%%mzn-stat: peakDepth=58
%%%mzn-stat-end
%%%mzn-stat: nSolutions=1
%%%mzn-stat-end
