% Generated FlatZinc statistics:
%%%mzn-stat: paths=0
%%%mzn-stat: flatBoolVars=76
%%%mzn-stat: flatIntVars=294
%%%mzn-stat: flatIntConstraints=222
%%%mzn-stat: evaluatedReifiedConstraints=76
%%%mzn-stat: method="maximize"
%%%mzn-stat: flatTime=0.114598
%%%mzn-stat-end

% solving(/tmp/mznfilerCCxXN.fzn)
% loading /tmp/mznfilerCCxXN.fzn
% obj = 5382
Team = [1, 2, 3, 4, 5, 6, 7, 8, 9, 10, 11, 12, 13, 14, 15, 16, 17, 18, 19, 20, 21, 22, 23, 24, 25, 26, 27, 28, 29, 30, 31, 6, 12, 18, 24, 30, 7, 31, 25, 19, 13, 1, 26, 20, 14, 8, 2, 27, 21, 15, 9, 3, 28, 22, 10, 16, 4, 29, 23, 17, 11, 5, 6, 12, 18, 24, 30, 31, 25, 19, 13, 7, 1, 26, 20, 2, 14, 8, 27, 21, 15, 9, 3, 28, 22, 16, 10, 4, 29, 23, 17, 11, 5, 6, 12, 18, 24, 30, 31, 25, 19, 13, 7, 1, 26, 20, 14, 8, 2, 27, 21, 15, 9, 3, 28, 16, 22, 10, 4, 29, 23, 17, 11, 5, 6, 12, 18, 24, 30, 31, 25, 19, 13, 7, 1, 26, 20, 14, 8, 2, 27, 21, 15, 9, 3, 28, 22, 16, 10, 4, 29, 23, 17, 11, 5];
objective = 5382;
----------
% obj = 5391
Team = [1, 2, 3, 4, 5, 6, 7, 8, 9, 10, 11, 12, 13, 14, 15, 16, 17, 18, 19, 20, 21, 22, 23, 24, 25, 26, 27, 28, 29, 30, 31, 12, 21, 6, 24, 30, 7, 31, 25, 2, 14, 1, 26, 13, 4, 8, 16, 27, 19, 15, 9, 3, 28, 18, 10, 20, 22, 29, 23, 17, 11, 5, 20, 6, 18, 24, 30, 12, 25, 11, 31, 7, 3, 26, 22, 2, 14, 8, 27, 21, 15, 9, 13, 28, 19, 16, 10, 4, 29, 23, 17, 5, 1, 6, 13, 12, 24, 30, 31, 25, 19, 16, 7, 1, 26, 18, 14, 8, 2, 27, 21, 15, 9, 3, 28, 20, 22, 10, 4, 29, 23, 17, 11, 5, 6, 12, 18, 24, 30, 31, 25, 19, 13, 7, 1, 26, 20, 14, 8, 2, 27, 21, 15, 9, 3, 28, 22, 16, 10, 4, 29, 23, 17, 11, 5];
objective = 5391;
----------
% obj = 64486
Team = [1, 2, 3, 4, 5, 6, 7, 8, 9, 10, 11, 12, 13, 14, 15, 16, 17, 18, 19, 20, 21, 22, 23, 24, 25, 26, 27, 28, 29, 30, 31, 5, 22, 9, 28, 23, 2, 11, 29, 7, 3, 16, 24, 14, 13, 19, 8, 18, 30, 26, 6, 21, 15, 1, 10, 4, 31, 12, 17, 20, 25, 27, 17, 27, 1, 9, 11, 5, 7, 12, 28, 24, 25, 15, 30, 2, 31, 19, 23, 13, 14, 20, 21, 8, 16, 26, 18, 10, 6, 29, 3, 22, 4, 10, 5, 22, 29, 2, 30, 31, 25, 12, 20, 7, 21, 3, 19, 27, 6, 15, 13, 23, 1, 26, 8, 16, 11, 24, 9, 28, 4, 14, 18, 17, 13, 21, 2, 20, 8, 1, 14, 26, 5, 10, 3, 12, 28, 27, 29, 9, 6, 11, 30, 16, 31, 25, 17, 4, 7, 22, 23, 18, 24, 19, 15];
objective = 64486;
----------
% obj = 66525
Team = [1, 2, 3, 4, 5, 6, 7, 8, 9, 10, 11, 12, 13, 14, 15, 16, 17, 18, 19, 20, 21, 22, 23, 24, 25, 26, 27, 28, 29, 30, 31, 30, 22, 18, 6, 20, 7, 28, 19, 31, 21, 16, 24, 14, 12, 3, 27, 8, 5, 26, 9, 2, 15, 1, 10, 13, 4, 29, 11, 17, 23, 25, 31, 17, 29, 3, 16, 30, 9, 12, 5, 24, 1, 27, 21, 2, 22, 19, 18, 26, 6, 20, 28, 13, 4, 11, 14, 10, 8, 7, 15, 23, 25, 8, 30, 15, 29, 2, 31, 1, 23, 21, 17, 7, 3, 10, 25, 9, 4, 27, 5, 19, 6, 26, 18, 16, 22, 24, 20, 28, 13, 12, 14, 11, 6, 14, 2, 1, 17, 5, 7, 31, 13, 8, 18, 20, 25, 15, 23, 26, 22, 28, 21, 16, 3, 12, 9, 29, 4, 30, 11, 10, 24, 19, 27];
objective = 66525;
----------
%%%mzn-stat: nSolutions=4
%%%mzn-stat-end
