% Generated FlatZinc statistics:
%%%mzn-stat: paths=0
%%%mzn-stat: flatIntVars=60
%%%mzn-stat: flatIntConstraints=31
%%%mzn-stat: method="minimize"
%%%mzn-stat: flatTime=0.0384803
%%%mzn-stat-end

% solving(/tmp/mznfilezubMVS.fzn)
% loading /tmp/mznfilezubMVS.fzn
% obj = 2720
w = array1d(0..29, [95, 102, 100, 102, 94, 102, 95, 101, 93, 96, 58, 102, 94, 102, 102, 94, 63, 69, 102, 95, 98, 83, 102, 87, 94, 97, 99, 78, 58, 63]);
f = array1d(0..29, [6, 10, 24, 11, 12, 38, 17, 22, 13, 4, 46, 10, 28, 5, 7, 8, 54, 20, 13, 7, 0, 23, 26, 46, 0, 3, 8, 45, 31, 7]);
objective = 2720;
----------
% obj = 2710
w = array1d(0..29, [99, 99, 90, 84, 102, 80, 96, 92, 92, 99, 76, 100, 102, 96, 93, 91, 65, 66, 97, 63, 97, 84, 102, 77, 99, 99, 98, 90, 96, 86]);
f = array1d(0..29, [35, 0, 13, 14, 24, 48, 0, 4, 8, 42, 26, 16, 0, 8, 49, 3, 40, 2, 2, 46, 1, 14, 3, 33, 12, 35, 1, 21, 8, 34]);
objective = 2710;
----------
% obj = 2465
w = array1d(0..29, [98, 99, 82, 101, 84, 80, 78, 91, 89, 93, 40, 101, 88, 91, 87, 82, 36, 66, 97, 97, 97, 82, 102, 84, 85, 96, 97, 64, 31, 47]);
f = array1d(0..29, [11, 2, 17, 0, 17, 62, 3, 0, 19, 0, 58, 1, 13, 17, 4, 5, 62, 0, 20, 0, 0, 16, 30, 51, 0, 0, 1, 50, 33, 1]);
objective = 2465;
----------
%%%mzn-stat: nSolutions=3
%%%mzn-stat-end
