% Generated FlatZinc statistics:
%%%mzn-stat: paths=0
%%%mzn-stat: flatBoolVars=311
%%%mzn-stat: flatIntVars=623
%%%mzn-stat: flatIntConstraints=6044
%%%mzn-stat: evaluatedReifiedConstraints=311
%%%mzn-stat: method="minimize"
%%%mzn-stat: flatTime=0.556897
%%%mzn-stat-end

% solving(/tmp/mznfilew0MUkR.fzn)
% loading /tmp/mznfilew0MUkR.fzn
% obj = 35424
p = [1, 1, 0, 0, 0, 0, 0, 0, 0, 0, 0, 0, 0, 13, 0, 0, 0, 0, 0, 0, 0, 0, 0, 0, 13, 0, 0, 0, 0, 0, 13, 0, 0, 0, 0, 0, 0, 13, 0, 0, 13, 0, 2, 0, 0, 0, 0, 2, 0, 0, 0, 0, 0, 0, 13, 0, 0, 0, 0, 0, 0, 0, 0, 0, 0, 0, 0, 0, 13, 0, 13, 0, 0, 0, 0, 0, 13, 0, 0, 13, 13, 2, 1, 2, 3, 0, 0, 0, 0, 0, 0, 0, 13, 2, 0, 0, 0, 0, 0, 0, 0, 0, 2, 0, 0, 0, 0, 0, 0, 0, 0, 0, 13, 2, 0, 0, 0, 0, 0, 0, 0, 0, 0, 0, 0, 0, 2, 3, 0, 0, 0, 3, 0, 0, 2, 0, 0, 0, 0, 2, 0, 13, 0, 0, 0, 0, 13, 2, 0, 0, 2, 0, 0, 0, 1, 2, 0, 0, 0, 0, 0, 2, 13, 0, 0, 0, 0, 0, 0, 0, 0, 0, 0, 2, 0, 0, 0, 0, 13, 0, 0, 0, 0, 0, 0, 0, 13, 0, 0, 0, 2, 0, 0, 1, 0, 2, 0, 3, 0, 0, 0, 0, 0, 0, 0, 0, 1, 0, 0, 0, 0, 0, 0, 3, 0, 0, 0, 0, 2, 0, 0, 2, 0, 0, 0, 0, 13, 0, 0, 0, 0, 0, 0, 0, 0, 0, 0, 0, 0, 0, 0, 0, 1, 3, 0, 0, 0, 0, 0, 0, 0, 0, 0, 2, 0, 0, 0, 0, 0, 0, 0, 1, 0, 0, 0, 0, 0, 0, 0, 3, 0, 0, 2, 0, 0, 0, 0, 0, 0, 0, 0, 0, 13, 0, 0, 0, 0, 0, 0, 0, 0, 13, 0, 2, 0, 0, 0, 0, 0, 0, 2, 1, 3, 0, 0, 3, 0, 0, 13, 0, 13];
objective = 35424;
----------
% obj = 34395
p = [1, 2, 0, 3, 0, 2, 0, 0, 0, 0, 0, 0, 0, 0, 2, 0, 0, 0, 3, 0, 0, 0, 0, 0, 13, 0, 0, 0, 0, 0, 13, 0, 0, 2, 13, 13, 0, 0, 13, 0, 0, 0, 0, 0, 0, 0, 0, 0, 0, 2, 0, 0, 0, 13, 0, 0, 0, 2, 0, 0, 0, 0, 0, 13, 0, 0, 0, 2, 0, 0, 13, 0, 0, 0, 0, 0, 13, 0, 0, 13, 13, 0, 0, 1, 2, 0, 0, 0, 0, 0, 0, 0, 13, 2, 0, 0, 0, 0, 0, 0, 0, 13, 2, 0, 0, 0, 0, 0, 0, 0, 0, 0, 0, 0, 13, 0, 0, 0, 0, 2, 0, 0, 0, 13, 2, 0, 0, 0, 0, 0, 0, 0, 0, 0, 0, 13, 0, 0, 0, 0, 13, 13, 0, 0, 0, 0, 13, 2, 0, 0, 2, 0, 13, 0, 2, 0, 13, 0, 0, 0, 0, 2, 13, 0, 0, 0, 0, 0, 0, 0, 0, 0, 0, 0, 0, 2, 0, 0, 13, 0, 0, 0, 0, 0, 0, 0, 0, 0, 0, 0, 2, 0, 0, 2, 0, 0, 0, 1, 0, 3, 0, 0, 0, 0, 0, 0, 2, 0, 0, 0, 0, 0, 0, 1, 0, 3, 0, 0, 0, 0, 2, 0, 0, 0, 0, 0, 0, 0, 0, 0, 0, 0, 13, 0, 0, 0, 0, 0, 0, 0, 0, 0, 0, 2, 0, 0, 0, 0, 13, 0, 0, 0, 0, 0, 0, 0, 0, 0, 0, 0, 0, 0, 0, 2, 13, 0, 0, 0, 0, 0, 0, 0, 0, 0, 0, 0, 0, 0, 0, 0, 0, 0, 0, 0, 0, 1, 2, 0, 0, 0, 0, 0, 0, 3, 0, 1, 2, 0, 0, 0, 3, 1, 2, 2, 1, 3, 2, 0, 13, 0, 13];
objective = 34395;
----------
% obj = 27456
p = [0, 0, 0, 0, 0, 0, 0, 0, 0, 0, 0, 0, 0, 0, 0, 0, 13, 0, 0, 0, 0, 0, 0, 0, 0, 0, 0, 0, 0, 0, 0, 0, 13, 0, 0, 0, 0, 0, 0, 0, 13, 0, 0, 0, 0, 0, 0, 0, 0, 2, 0, 0, 0, 0, 0, 0, 0, 2, 0, 0, 0, 0, 13, 0, 0, 0, 0, 2, 0, 0, 13, 0, 0, 0, 0, 0, 13, 0, 0, 0, 13, 2, 1, 0, 0, 3, 0, 2, 0, 0, 3, 0, 0, 0, 0, 0, 0, 2, 0, 0, 0, 0, 0, 0, 0, 0, 0, 0, 13, 0, 0, 0, 0, 0, 0, 0, 0, 13, 0, 0, 0, 2, 0, 0, 0, 0, 2, 1, 2, 0, 0, 0, 3, 0, 2, 0, 1, 0, 0, 2, 0, 0, 0, 0, 2, 0, 13, 0, 0, 2, 0, 0, 0, 13, 0, 2, 0, 13, 0, 0, 0, 0, 0, 0, 13, 0, 0, 0, 0, 0, 0, 0, 0, 0, 0, 0, 0, 0, 0, 0, 0, 0, 0, 0, 0, 0, 0, 0, 0, 0, 2, 0, 13, 1, 0, 2, 0, 0, 0, 0, 0, 0, 0, 0, 3, 0, 1, 0, 0, 2, 0, 0, 0, 0, 0, 0, 0, 0, 0, 0, 0, 2, 0, 0, 0, 0, 0, 0, 0, 0, 0, 0, 13, 0, 0, 0, 0, 0, 0, 2, 0, 0, 0, 0, 0, 0, 0, 0, 13, 0, 0, 0, 0, 2, 0, 0, 0, 0, 0, 0, 0, 2, 3, 1, 0, 0, 0, 0, 0, 0, 0, 2, 0, 3, 1, 0, 0, 0, 0, 0, 0, 0, 0, 0, 0, 0, 0, 0, 0, 0, 0, 0, 0, 2, 0, 0, 0, 3, 1, 0, 2, 0, 0, 2, 0, 0, 0, 0, 13, 0, 13];
objective = 27456;
----------
% obj = 27399
p = [2, 2, 1, 2, 0, 0, 0, 13, 0, 0, 2, 0, 0, 0, 0, 0, 13, 0, 0, 2, 0, 0, 13, 0, 0, 13, 0, 0, 0, 2, 13, 0, 0, 2, 13, 0, 13, 0, 0, 13, 0, 0, 0, 0, 0, 0, 0, 0, 0, 2, 0, 0, 13, 0, 0, 0, 0, 0, 0, 0, 0, 0, 0, 0, 0, 0, 0, 2, 13, 0, 13, 0, 13, 0, 0, 0, 13, 0, 0, 13, 13, 2, 0, 2, 0, 0, 13, 0, 0, 0, 0, 0, 0, 2, 0, 0, 13, 0, 0, 0, 0, 0, 2, 0, 0, 13, 0, 0, 0, 0, 0, 0, 0, 0, 0, 0, 0, 0, 0, 0, 0, 2, 0, 0, 0, 0, 2, 0, 2, 13, 0, 0, 0, 0, 2, 0, 0, 13, 0, 2, 0, 13, 0, 2, 0, 0, 13, 2, 0, 0, 2, 0, 13, 0, 2, 0, 0, 13, 0, 0, 0, 2, 0, 0, 0, 3, 1, 0, 0, 0, 0, 0, 2, 0, 0, 0, 0, 0, 0, 13, 0, 0, 0, 0, 0, 0, 0, 0, 0, 0, 0, 0, 0, 1, 0, 2, 0, 0, 0, 3, 0, 0, 0, 0, 0, 0, 1, 0, 0, 2, 0, 0, 0, 0, 0, 3, 0, 0, 0, 0, 0, 0, 0, 0, 0, 0, 13, 0, 0, 0, 0, 0, 0, 0, 0, 0, 0, 0, 3, 0, 1, 0, 2, 0, 0, 0, 0, 0, 0, 0, 0, 0, 0, 3, 1, 0, 0, 0, 0, 0, 0, 3, 1, 2, 0, 0, 0, 0, 0, 0, 0, 3, 0, 1, 2, 0, 0, 0, 0, 0, 0, 0, 0, 0, 0, 0, 0, 0, 0, 0, 0, 0, 0, 1, 0, 2, 3, 0, 0, 0, 1, 0, 0, 0, 2, 3, 2, 2, 13, 0, 13];
objective = 27399;
----------
% obj = 27390
p = [3, 2, 1, 2, 0, 0, 0, 13, 0, 2, 0, 0, 0, 0, 0, 0, 13, 0, 2, 0, 0, 0, 13, 0, 0, 13, 0, 0, 0, 2, 13, 0, 0, 2, 13, 0, 13, 0, 0, 13, 0, 0, 0, 2, 0, 0, 0, 0, 0, 0, 0, 13, 0, 0, 0, 0, 0, 0, 0, 0, 0, 13, 0, 0, 0, 0, 0, 2, 0, 13, 0, 13, 0, 13, 0, 0, 13, 0, 0, 13, 13, 2, 0, 2, 0, 3, 0, 1, 0, 0, 0, 0, 0, 2, 0, 0, 0, 1, 3, 0, 0, 0, 2, 0, 0, 0, 1, 0, 0, 3, 0, 0, 0, 0, 0, 0, 0, 0, 0, 0, 2, 0, 0, 0, 0, 2, 0, 2, 0, 13, 0, 2, 0, 0, 0, 0, 0, 13, 0, 2, 0, 0, 3, 1, 2, 3, 0, 1, 2, 0, 0, 2, 13, 0, 2, 0, 13, 0, 0, 0, 0, 2, 0, 0, 0, 1, 3, 0, 0, 0, 0, 0, 2, 0, 0, 0, 0, 0, 0, 0, 13, 0, 0, 0, 0, 0, 0, 0, 0, 13, 2, 0, 0, 3, 0, 2, 0, 1, 0, 0, 0, 0, 0, 0, 0, 0, 3, 0, 0, 2, 0, 0, 0, 1, 0, 0, 0, 0, 0, 0, 0, 2, 0, 0, 0, 0, 13, 0, 0, 0, 0, 0, 0, 0, 0, 0, 0, 0, 1, 0, 3, 0, 2, 0, 0, 0, 0, 0, 0, 0, 0, 0, 0, 3, 1, 0, 0, 0, 0, 0, 0, 3, 1, 2, 0, 0, 0, 0, 0, 0, 0, 3, 0, 1, 2, 0, 0, 0, 0, 0, 0, 0, 0, 0, 0, 0, 0, 0, 0, 0, 0, 0, 1, 3, 0, 2, 0, 0, 0, 0, 3, 2, 1, 1, 2, 1, 2, 2, 13, 0, 13];
objective = 27390;
----------
% obj = 27390
==========
%%%mzn-stat: nSolutions=5
%%%mzn-stat-end
