% Generated FlatZinc statistics:
%%%mzn-stat: paths=0
%%%mzn-stat: flatIntVars=301
%%%mzn-stat: flatIntConstraints=14951
%%%mzn-stat: method="maximize"
%%%mzn-stat: flatTime=0.625804
%%%mzn-stat-end

objective = 54;
heart = array2d(1..24, 1..24, [
1, 0, 0, 0, 0, 0, 0, 0, 0, 0, 0, 0, 0, 0, 0, 0, 0, 0, 0, 0, 0, 0, 0, 0, 
1, 0, 0, 0, 0, 0, 0, 0, 0, 0, 0, 0, 0, 0, 0, 0, 0, 0, 0, 0, 0, 0, 0, 0, 
1, 0, 0, 0, 0, 0, 0, 0, 0, 0, 0, 0, 0, 0, 0, 0, 0, 0, 0, 0, 0, 0, 0, 0, 
1, 0, 0, 0, 0, 0, 0, 0, 0, 0, 0, 0, 0, 0, 0, 0, 0, 0, 0, 0, 0, 0, 0, 0, 
1, 0, 0, 0, 0, 0, 0, 0, 0, 0, 0, 0, 0, 0, 0, 0, 0, 0, 0, 0, 0, 0, 0, 0, 
1, 0, 0, 0, 0, 0, 0, 0, 0, 0, 0, 0, 0, 0, 0, 0, 0, 0, 0, 0, 0, 0, 0, 0, 
1, 0, 0, 0, 0, 0, 0, 0, 0, 0, 0, 0, 0, 0, 0, 0, 0, 0, 0, 0, 0, 0, 0, 0, 
1, 0, 0, 0, 0, 0, 0, 0, 0, 0, 0, 0, 0, 0, 0, 0, 0, 0, 0, 0, 0, 0, 0, 0, 
1, 0, 0, 0, 0, 0, 0, 0, 0, 0, 0, 0, 0, 0, 0, 0, 0, 0, 0, 0, 0, 0, 0, 0, 
1, 0, 0, 0, 0, 0, 0, 0, 0, 0, 0, 0, 0, 0, 0, 0, 0, 0, 0, 0, 0, 0, 0, 0, 
1, 0, 0, 0, 0, 0, 0, 0, 0, 0, 0, 0, 0, 0, 0, 0, 0, 0, 0, 0, 0, 0, 0, 0, 
1, 0, 0, 0, 0, 0, 0, 0, 0, 0, 0, 0, 0, 0, 0, 0, 0, 0, 0, 0, 0, 0, 0, 0, 
1, 0, 0, 0, 0, 0, 0, 0, 0, 0, 0, 0, 0, 0, 0, 0, 0, 0, 0, 0, 0, 0, 0, 0, 
1, 0, 0, 0, 0, 0, 0, 0, 0, 0, 0, 0, 0, 0, 0, 0, 0, 0, 0, 0, 0, 0, 0, 0, 
1, 0, 0, 0, 0, 0, 0, 0, 0, 0, 0, 0, 0, 0, 0, 0, 0, 0, 0, 0, 0, 0, 0, 0, 
1, 0, 0, 0, 0, 0, 0, 0, 0, 0, 0, 0, 0, 0, 0, 0, 0, 0, 0, 0, 0, 0, 0, 0, 
1, 0, 0, 0, 0, 0, 0, 0, 0, 0, 0, 0, 0, 0, 0, 0, 0, 0, 0, 0, 0, 0, 0, 0, 
0, 1, 1, 1, 1, 1, 1, 1, 1, 1, 1, 1, 1, 1, 0, 1, 1, 1, 0, 0, 0, 0, 0, 0, 
1, 0, 0, 0, 0, 0, 0, 0, 0, 0, 0, 0, 0, 0, 0, 0, 0, 0, 0, 0, 0, 0, 0, 0, 
1, 0, 0, 0, 0, 0, 0, 0, 0, 0, 0, 0, 0, 0, 0, 0, 0, 0, 0, 0, 0, 0, 0, 0, 
0, 1, 1, 0, 0, 0, 0, 0, 0, 0, 0, 0, 0, 0, 1, 0, 0, 0, 1, 1, 1, 0, 0, 0, 
0, 0, 0, 1, 0, 0, 0, 0, 0, 0, 0, 0, 0, 0, 1, 0, 0, 0, 0, 0, 0, 1, 0, 0, 
0, 0, 0, 1, 0, 0, 0, 0, 0, 0, 0, 0, 0, 0, 1, 0, 0, 0, 1, 0, 0, 1, 0, 0, 
0, 0, 0, 0, 1, 1, 0, 0, 0, 0, 0, 0, 0, 0, 1, 0, 0, 0, 1, 0, 0, 0, 1, 1
]);
%%   1 
%%   1 0 
%%   1 0 0 
%%   1 0 0 0 
%%   1 0 0 0 0 
%%   1 0 0 0 0 0 
%%   1 0 0 0 0 0 0 
%%   1 0 0 0 0 0 0 0 
%%   1 0 0 0 0 0 0 0 0 
%%   1 0 0 0 0 0 0 0 0 0 
%%   1 0 0 0 0 0 0 0 0 0 0 
%%   1 0 0 0 0 0 0 0 0 0 0 0 
%%   1 0 0 0 0 0 0 0 0 0 0 0 0 
%%   1 0 0 0 0 0 0 0 0 0 0 0 0 0 
%%   1 0 0 0 0 0 0 0 0 0 0 0 0 0 0 
%%   1 0 0 0 0 0 0 0 0 0 0 0 0 0 0 0 
%%   1 0 0 0 0 0 0 0 0 0 0 0 0 0 0 0 0 
%%   0 1 1 1 1 1 1 1 1 1 1 1 1 1 0 1 1 1 
%%   1 0 0 0 0 0 0 0 0 0 0 0 0 0 0 0 0 0 0 
%%   1 0 0 0 0 0 0 0 0 0 0 0 0 0 0 0 0 0 0 0 
%%   0 1 1 0 0 0 0 0 0 0 0 0 0 0 1 0 0 0 1 1 1 
%%   0 0 0 1 0 0 0 0 0 0 0 0 0 0 1 0 0 0 0 0 0 1 
%%   0 0 0 1 0 0 0 0 0 0 0 0 0 0 1 0 0 0 1 0 0 1 0 
%%   0 0 0 0 1 1 0 0 0 0 0 0 0 0 1 0 0 0 1 0 0 0 1 1 
----------
%%%mzn-stat: initTime=0.066457
%%%mzn-stat: solveTime=1199.37
%%%mzn-stat: solutions=10
%%%mzn-stat: variables=577
%%%mzn-stat: propagators=14951
%%%mzn-stat: propagations=10845534556
%%%mzn-stat: nodes=198193695
%%%mzn-stat: failures=99096774
%%%mzn-stat: restarts=0
%%%mzn-stat: peakDepth=61
%%%mzn-stat-end
%%%mzn-stat: nSolutions=1
%%%mzn-stat-end
