% Generated FlatZinc statistics:
%%%mzn-stat: paths=0
%%%mzn-stat: flatBoolVars=316800
%%%mzn-stat: flatIntVars=112221
%%%mzn-stat: flatBoolConstraints=113060
%%%mzn-stat: flatIntConstraints=433769
%%%mzn-stat: evaluatedReifiedConstraints=315520
%%%mzn-stat: evaluatedHalfReifiedConstraints=213340
%%%mzn-stat: method="minimize"
%%%mzn-stat: flatTime=13.4525
%%%mzn-stat-end

agentAtTimeT = array2d(1..24, 1..20, [197, 104, 77, 17, 68, 230, 149, 98, 82, 16, 114, 71, 60, 172, 44, 181, 29, 116, 22, 201, 182, 118, 61, 18, 67, 215, 135, 97, 96, 30, 99, 70, 76, 173, 43, 196, 44, 115, 37, 200, 168, 119, 62, 19, 66, 200, 136, 96, 95, 31, 85, 69, 75, 174, 42, 197, 43, 130, 53, 185, 155, 120, 63, 20, 80, 185, 137, 95, 94, 46, 72, 82, 74, 160, 41, 212, 42, 129, 69, 170, 142, 121, 64, 21, 93, 170, 123, 94, 110, 47, 56, 96, 87, 148, 40, 227, 58, 128, 82, 158, 128, 122, 65, 6, 92, 158, 109, 93, 124, 48, 40, 111, 101, 149, 39, 228, 74, 127, 82, 145, 114, 136, 66, 6, 108, 145, 93, 109, 123, 49, 25, 111, 115, 150, 38, 229, 87, 127, 82, 131, 99, 150, 67, 6, 107, 131, 80, 109, 122, 50, 11, 111, 130, 136, 54, 230, 86, 127, 82, 116, 98, 162, 68, 6, 106, 116, 80, 109, 122, 51, 10, 111, 129, 137, 70, 231, 100, 127, 82, 102, 97, 176, 69, 6, 105, 102, 80, 109, 122, 52, 9, 111, 143, 123, 83, 231, 100, 127, 82, 103, 96, 191, 70, 6, 105, 101, 80, 109, 122, 53, 8, 111, 156, 124, 97, 231, 100, 127, 82, 88, 95, 192, 71, 6, 105, 87, 80, 109, 122, 69, 8, 111, 169, 110, 96, 231, 100, 127, 82, 88, 81, 206, 72, 6, 105, 74, 80, 109, 122, 70, 8, 111, 183, 94, 95, 231, 100, 127, 82, 88, 68, 207, 73, 6, 105, 58, 80, 109, 122, 83, 8, 111, 182, 95, 94, 231, 100, 127, 82, 88, 67, 208, 74, 6, 105, 42, 80, 109, 122, 84, 8, 111, 181, 96, 93, 231, 100, 127, 82, 88, 67, 208, 74, 6, 105, 41, 80, 109, 122, 85, 8, 111, 180, 97, 93, 231, 100, 127, 82, 88, 67, 208, 74, 6, 105, 26, 80, 109, 122, 86, 8, 111, 179, 83, 93, 231, 100, 127, 82, 88, 67, 208, 74, 6, 105, 26, 80, 109, 122, 87, 8, 111, 195, 70, 93, 231, 100, 127, 82, 88, 67, 208, 74, 6, 105, 26, 80, 109, 122, 101, 8, 111, 194, 54, 93, 231, 100, 127, 82, 88, 67, 208, 74, 6, 105, 26, 80, 109, 122, 115, 8, 111, 193, 54, 93, 231, 100, 127, 82, 88, 67, 208, 74, 6, 105, 26, 80, 109, 122, 116, 8, 111, 192, 54, 93, 231, 100, 127, 82, 88, 67, 208, 74, 6, 105, 26, 80, 109, 122, 131, 8, 111, 191, 54, 93, 231, 100, 127, 82, 88, 67, 208, 74, 6, 105, 26, 80, 109, 122, 145, 8, 111, 190, 54, 93, 231, 100, 127, 82, 88, 67, 208, 74, 6, 105, 26, 80, 109, 122, 158, 8, 111, 205, 54, 93, 231, 100, 127, 82, 88]);
ET = [15, 15, 15, 6, 10, 17, 8, 7, 8, 24, 11, 6, 24, 19, 15, 9, 9, 6, 5, 11];
objective = 240;
----------
==========
%%%mzn-stat: objective=240
%%%mzn-stat: objectiveBound=240
%%%mzn-stat: boolVariables=27111
%%%mzn-stat: failures=4277
%%%mzn-stat: propagations=6263514
%%%mzn-stat: solveTime=17.0813
%%%mzn-stat: nSolutions=1
%%%mzn-stat-end
