% Generated FlatZinc statistics:
%%%mzn-stat: paths=0
%%%mzn-stat: flatBoolVars=348
%%%mzn-stat: flatIntVars=697
%%%mzn-stat: flatIntConstraints=8973
%%%mzn-stat: evaluatedReifiedConstraints=348
%%%mzn-stat: method="minimize"
%%%mzn-stat: flatTime=0.811496
%%%mzn-stat-end

p = [1, 1, 3, 2, 0, 0, 0, 13, 0, 2, 0, 0, 0, 0, 0, 0, 13, 0, 2, 0, 0, 0, 13, 0, 0, 13, 0, 0, 0, 2, 13, 0, 0, 2, 13, 0, 13, 0, 0, 13, 0, 0, 0, 2, 0, 0, 0, 0, 0, 0, 0, 0, 13, 0, 0, 0, 0, 0, 0, 0, 0, 0, 13, 0, 0, 0, 0, 2, 0, 13, 0, 13, 0, 13, 0, 13, 0, 0, 0, 13, 13, 0, 0, 1, 0, 2, 0, 3, 0, 0, 0, 0, 0, 1, 0, 0, 0, 3, 2, 0, 0, 0, 1, 0, 0, 0, 3, 0, 0, 0, 0, 0, 0, 1, 0, 0, 0, 0, 3, 0, 0, 0, 2, 0, 0, 0, 0, 1, 0, 3, 2, 0, 0, 0, 2, 13, 0, 0, 0, 0, 2, 0, 0, 13, 0, 2, 0, 13, 0, 0, 2, 0, 13, 0, 2, 0, 0, 2, 0, 13, 2, 0, 13, 0, 0, 0, 0, 2, 0, 0, 0, 1, 3, 0, 0, 0, 0, 0, 0, 0, 0, 2, 0, 0, 0, 13, 0, 0, 0, 0, 0, 0, 0, 13, 2, 0, 0, 0, 0, 2, 0, 1, 0, 3, 0, 0, 0, 0, 0, 0, 0, 0, 2, 0, 0, 1, 0, 0, 0, 0, 0, 0, 0, 0, 0, 0, 0, 0, 3, 0, 2, 0, 1, 0, 0, 0, 0, 0, 0, 0, 0, 0, 0, 0, 0, 0, 0, 0, 0, 0, 0, 0, 0, 0, 3, 0, 1, 0, 0, 2, 0, 0, 0, 0, 0, 0, 0, 0, 0, 0, 0, 0, 0, 3, 1, 0, 0, 0, 0, 0, 0, 0, 0, 0, 0, 0, 0, 3, 1, 2, 0, 0, 0, 0, 0, 0, 0, 0, 3, 0, 1, 2, 0, 0, 0, 0, 0, 0, 0, 0, 0, 0, 0, 0, 0, 0, 0, 0, 0, 3, 0, 1, 0, 0, 0, 0, 0, 0, 0, 2, 0, 0, 0, 0, 3, 1, 0, 2, 3, 1, 2, 2, 3, 2, 2, 13, 0, 13];
objective = 36446;
----------
==========
%%%mzn-stat: objective=36446
%%%mzn-stat: objectiveBound=36446
%%%mzn-stat: boolVariables=1085
%%%mzn-stat: failures=3788
%%%mzn-stat: propagations=796781
%%%mzn-stat: solveTime=6.06139
%%%mzn-stat: nSolutions=1
%%%mzn-stat-end
