% Generated FlatZinc statistics:
%%%mzn-stat: paths=0
%%%mzn-stat: flatIntVars=360
%%%mzn-stat: flatIntConstraints=76
%%%mzn-stat: method="minimize"
%%%mzn-stat: flatTime=0.0948785
%%%mzn-stat-end


9 12 20 8 10 6 13 1 18 5 21 25 15 24 19 2 3 14 4 11 22 17 7 23 16
22 18 17 14 1 4 11 20 12 19 10 16 23 8 9 7 6 24 21 15 2 5 3 13 25
7 24 19 3 16 2 22 15 21 8 14 17 20 4 13 1 23 25 5 18 11 6 12 9 10
6 15 23 25 21 14 17 7 10 3 2 11 5 12 22 9 20 8 16 13 1 4 18 24 19
4 5 2 11 13 16 24 9 23 25 1 7 3 6 18 12 17 10 22 19 14 20 15 8 21
17 2 9 20 8 11 16 10 5 4 12 15 7 19 25 23 18 3 14 1 13 22 6 21 24
15 25 5 13 14 12 19 6 8 20 24 4 18 3 1 17 22 21 9 7 23 16 2 10 11
24 7 6 10 3 17 18 23 25 2 22 21 14 16 20 11 13 12 15 5 8 19 9 1 4
21 16 22 23 4 7 3 14 1 9 17 13 11 5 2 8 19 6 24 10 12 15 25 20 18
11 19 12 1 18 15 21 13 22 24 9 8 6 10 23 16 4 2 20 25 17 7 14 3 5
8 20 13 22 2 18 10 5 3 1 23 12 24 21 16 19 7 9 11 14 4 25 17 15 6
25 4 14 17 6 21 8 12 7 22 19 2 9 13 5 15 16 1 10 3 18 24 23 11 20
12 3 10 21 11 19 15 16 14 17 25 22 1 20 7 4 24 18 6 23 9 2 13 5 8
19 9 24 15 23 25 20 2 4 13 11 18 10 14 6 21 5 17 8 22 16 3 1 7 12
16 1 7 18 5 9 6 24 11 23 4 3 17 15 8 25 2 13 12 20 19 21 10 22 14
5 6 4 2 25 8 1 3 13 15 20 10 19 18 11 14 9 22 7 16 21 12 24 17 23
20 14 8 19 17 22 7 21 9 18 5 23 25 2 4 10 12 11 1 24 3 13 16 6 15
3 23 18 9 22 10 14 11 17 16 7 24 21 1 12 13 15 4 25 6 20 8 5 19 2
10 21 16 24 12 5 4 19 2 6 3 14 13 9 15 20 8 23 18 17 7 11 22 25 1
13 11 1 7 15 20 23 25 24 12 8 6 16 22 17 5 21 19 3 2 10 14 4 18 9
18 8 15 4 20 1 5 22 16 21 6 19 2 25 10 3 14 7 13 9 24 23 11 12 17
14 13 3 16 19 24 25 17 20 7 18 1 12 11 21 6 10 15 23 4 5 9 8 2 22
1 10 21 6 9 23 2 8 19 14 15 5 22 7 3 24 11 16 17 12 25 18 20 4 13
23 22 11 12 24 3 9 4 6 10 13 20 8 17 14 18 25 5 2 21 15 1 19 16 7
2 17 25 5 7 13 12 18 15 11 16 9 4 23 24 22 1 20 19 8 6 10 21 14 3
----------
==========
%%%mzn-stat: objective=-359
%%%mzn-stat: objectiveBound=-359
%%%mzn-stat: boolVariables=1708
%%%mzn-stat: failures=35329
%%%mzn-stat: propagations=14830343
%%%mzn-stat: solveTime=26.6071
%%%mzn-stat: nSolutions=1
%%%mzn-stat-end
