% Generated FlatZinc statistics:
%%%mzn-stat: paths=0
%%%mzn-stat: flatBoolVars=348
%%%mzn-stat: flatIntVars=697
%%%mzn-stat: flatIntConstraints=8973
%%%mzn-stat: evaluatedReifiedConstraints=348
%%%mzn-stat: method="minimize"
%%%mzn-stat: flatTime=1.01526
%%%mzn-stat-end

p = [3, 2, 1, 2, 0, 0, 0, 13, 0, 0, 2, 0, 0, 0, 0, 0, 13, 0, 0, 2, 0, 0, 13, 0, 0, 13, 0, 0, 0, 2, 13, 0, 0, 2, 13, 0, 0, 13, 0, 0, 13, 0, 2, 0, 0, 0, 0, 0, 0, 0, 0, 0, 0, 13, 0, 0, 0, 0, 0, 0, 0, 0, 0, 0, 0, 0, 13, 2, 0, 13, 0, 13, 0, 13, 0, 0, 13, 0, 0, 13, 13, 0, 1, 3, 0, 2, 0, 0, 0, 0, 2, 0, 0, 3, 0, 0, 0, 1, 0, 0, 0, 0, 3, 0, 0, 0, 1, 0, 0, 0, 0, 0, 0, 3, 0, 0, 0, 0, 1, 0, 0, 0, 0, 2, 0, 0, 0, 3, 0, 1, 0, 2, 0, 0, 2, 13, 0, 0, 0, 0, 2, 0, 0, 13, 0, 2, 0, 0, 3, 1, 2, 3, 0, 1, 2, 0, 0, 2, 13, 0, 0, 2, 13, 0, 0, 0, 0, 2, 13, 0, 0, 0, 0, 13, 0, 0, 0, 0, 0, 2, 0, 0, 0, 0, 0, 0, 0, 0, 0, 0, 0, 0, 13, 0, 0, 0, 2, 0, 0, 2, 0, 1, 0, 3, 0, 0, 0, 0, 0, 0, 0, 0, 2, 0, 0, 1, 0, 0, 0, 0, 0, 0, 0, 0, 0, 0, 0, 0, 3, 0, 2, 0, 1, 0, 0, 0, 0, 0, 0, 0, 0, 0, 0, 0, 0, 0, 0, 0, 0, 0, 0, 0, 0, 0, 3, 0, 1, 0, 0, 2, 0, 0, 0, 0, 0, 0, 0, 0, 0, 0, 0, 0, 0, 1, 3, 0, 0, 0, 0, 0, 0, 0, 0, 0, 0, 0, 0, 1, 3, 2, 0, 0, 0, 0, 0, 0, 0, 0, 1, 0, 3, 2, 0, 0, 0, 0, 0, 0, 0, 0, 0, 0, 0, 0, 0, 0, 0, 0, 0, 1, 0, 3, 0, 0, 0, 0, 0, 0, 0, 2, 0, 0, 0, 0, 1, 3, 0, 2, 1, 3, 2, 3, 1, 3, 2, 13, 0, 13];
objective = 36446;
----------
==========
%%%mzn-stat: objective=36446
%%%mzn-stat: objectiveBound=36446
%%%mzn-stat: boolVariables=801
%%%mzn-stat: failures=22775
%%%mzn-stat: propagations=1577623
%%%mzn-stat: solveTime=2.7674
%%%mzn-stat: nSolutions=1
%%%mzn-stat-end
